    20 0.390E+07 0.390E+10 0.000E+00
    30 0.133E+08 0.443E+10 0.000E+00
    40 0.316E+08 0.527E+10 0.000E+00
    50 0.619E+08 0.562E+10 0.000E+00
    60 0.107E+09 0.564E+10 0.000E+00
    70 0.170E+09 0.568E+10 0.000E+00
    80 0.254E+09 0.578E+10 0.000E+00
    90 0.362E+09 0.625E+10 0.000E+00
   100 0.497E+09 0.622E+10 0.000E+00
   200 0.133E+10 0.138E+10 0.199E+10
   300 0.449E+10 0.642E+10 0.674E+10
   400 0.533E+10 0.615E+10 0.639E+10
   500 0.624E+10 0.631E+10 0.694E+10
   700 0.635E+10 0.639E+10 0.659E+10
  1000 0.641E+10 0.645E+10 0.649E+10
