    20 0.390E+07 0.390E+10 0.000E+00
    30 0.133E+08 0.266E+10 0.000E+00
    40 0.316E+08 0.243E+10 0.000E+00
    50 0.619E+08 0.269E+10 0.000E+00
    60 0.107E+09 0.275E+10 0.000E+00
    70 0.170E+09 0.284E+10 0.000E+00
    80 0.254E+09 0.292E+10 0.000E+00
    90 0.362E+09 0.300E+10 0.000E+00
   100 0.497E+09 0.303E+10 0.000E+00
   200 0.199E+10 0.307E+10 0.399E+10
   300 0.270E+10 0.321E+10 0.337E+10
   400 0.320E+10 0.326E+10 0.355E+10
   500 0.312E+10 0.327E+10 0.329E+10
   700 0.312E+10 0.314E+10 0.317E+10
  1000 0.270E+10 0.275E+10 0.278E+10
