    20 0.390E+07 0.650E+09 0.000E+00
    30 0.133E+08 0.148E+10 0.000E+00
    40 0.316E+08 0.144E+10 0.000E+00
    50 0.619E+08 0.159E+10 0.000E+00
    60 0.107E+09 0.165E+10 0.000E+00
    70 0.170E+09 0.170E+10 0.000E+00
    80 0.254E+09 0.172E+10 0.000E+00
    90 0.362E+09 0.177E+10 0.000E+00
   100 0.497E+09 0.179E+10 0.000E+00
   200 0.133E+10 0.190E+10 0.200E+10
   300 0.193E+10 0.195E+10 0.225E+10
   400 0.188E+10 0.199E+10 0.200E+10
   500 0.195E+10 0.198E+10 0.201E+10
   700 0.199E+10 0.200E+10 0.202E+10
  1000 0.190E+10 0.191E+10 0.191E+10
