    20 0.390E+07 0.975E+09 0.000E+00
    30 0.133E+08 0.443E+10 0.000E+00
    40 0.316E+08 0.632E+10 0.000E+00
    50 0.619E+08 0.619E+10 0.000E+00
    60 0.107E+09 0.630E+10 0.000E+00
    70 0.170E+09 0.174E+10 0.000E+00
    80 0.254E+09 0.227E+10 0.000E+00
    90 0.362E+09 0.295E+10 0.000E+00
   100 0.497E+09 0.343E+10 0.000E+00
   200 0.133E+10 0.148E+10 0.200E+10
   300 0.135E+10 0.146E+10 0.150E+10
   400 0.139E+10 0.262E+10 0.639E+10
   500 0.145E+10 0.374E+10 0.694E+10
   700 0.173E+10 0.515E+10 0.659E+10
  1000 0.340E+10 0.611E+10 0.675E+10
