    20 0.390E+07 0.390E+10 0.000E+00
    30 0.133E+08 0.443E+10 0.000E+00
    40 0.316E+08 0.632E+10 0.000E+00
    50 0.619E+08 0.687E+10 0.000E+00
    60 0.107E+09 0.630E+10 0.000E+00
    70 0.170E+09 0.681E+10 0.000E+00
    80 0.254E+09 0.669E+10 0.000E+00
    90 0.362E+09 0.697E+10 0.000E+00
   100 0.497E+09 0.721E+10 0.000E+00
   200 0.399E+10 0.798E+10 0.000E+00
   300 0.449E+10 0.642E+10 0.674E+10
   400 0.639E+10 0.652E+10 0.799E+10
   500 0.568E+10 0.618E+10 0.624E+10
   700 0.476E+10 0.490E+10 0.504E+10
  1000 0.481E+10 0.485E+10 0.485E+10
