2 2.760667e-08 2.062084e-17 
4 4.242667e-08 4.924462e-17 
8 9.833778e-08 3.734148e-16 
16 2.064667e-07 1.545150e-13 
32 5.524933e-07 3.927170e-15 
64 1.281327e-06 8.594727e-15 
128 2.966558e-06 1.975433e-13 
256 6.618016e-06 5.638244e-13 
512 1.474589e-05 1.044004e-12 
1024 1.668583e-05 2.444967e-12 
2048 3.084135e-05 4.525780e-12 
4096 6.084968e-05 1.316637e-11 
8192 1.246726e-04 4.278972e-11 
16384 2.589119e-04 1.607893e-10 
32768 5.420504e-04 6.687358e-10 
65536 1.136378e-03 2.929594e-09 
131072 2.423482e-03 3.696656e-08 
262144 5.050994e-03 8.839785e-08 
