2 1.631533e-07 6.759209e-16 
4 2.754533e-07 1.175603e-15 
8 5.970556e-07 3.750404e-15 
16 1.455084e-06 1.988599e-13 
32 3.703209e-06 2.361193e-13 
64 8.423391e-06 1.407200e-12 
128 1.882245e-05 2.776966e-12 
256 4.208122e-05 1.197835e-11 
512 9.242775e-05 2.595122e-11 
1024 6.722476e-05 1.480259e-11 
2048 1.292300e-04 4.391457e-11 
4096 2.595458e-04 1.577234e-10 
8192 5.369247e-04 6.578149e-10 
16384 1.123966e-03 2.871337e-09 
32768 2.407720e-03 1.363644e-08 
65536 5.050808e-03 2.017194e-07 
131072 1.052732e-02 2.580141e-07 
262144 2.207597e-02 1.095728e-06 
