2 2.492000e-08 2.108916e-17 
4 3.934111e-08 5.226698e-17 
8 9.601333e-08 8.393857e-14 
16 1.822911e-07 9.746620e-14 
32 5.432344e-07 3.841207e-13 
64 1.268318e-06 1.783188e-13 
128 2.881703e-06 2.230193e-13 
256 6.530009e-06 3.920408e-13 
512 1.457460e-05 1.200733e-12 
1024 3.220765e-05 3.572301e-12 
2048 7.028661e-05 7.266065e-12 
4096 1.529626e-04 3.159644e-11 
8192 3.313723e-04 1.332216e-10 
16384 7.113399e-04 6.005586e-10 
32768 1.516011e-03 2.703689e-09 
65536 3.221703e-03 1.213480e-08 
131072 6.824921e-03 5.431003e-08 
262144 1.442000e-02 2.405374e-07 
