2 1.703711e-07 7.039356e-16 
4 2.823222e-07 1.215218e-15 
8 6.038600e-07 2.982245e-15 
16 1.465458e-06 1.929975e-13 
32 3.695111e-06 2.713383e-13 
64 8.384716e-06 1.110229e-12 
128 1.891726e-05 3.500964e-12 
256 4.189556e-05 4.462073e-12 
512 9.223043e-05 2.027744e-11 
1024 8.111186e-05 2.316586e-11 
2048 1.657880e-04 7.161196e-11 
4096 3.475025e-04 2.830418e-10 
8192 7.356960e-04 1.234581e-09 
16384 1.564450e-03 5.566058e-09 
32768 3.333911e-03 2.522701e-08 
65536 7.044527e-03 1.120231e-07 
131072 1.486394e-02 4.975944e-07 
262144 3.133030e-02 2.206646e-06 
