2 3.221111e-08 3.464877e-17 
4 6.645667e-08 3.714969e-13 
8 9.945444e-08 3.215168e-16 
16 2.149500e-07 3.339358e-13 
32 6.100556e-07 8.403854e-14 
64 1.399021e-06 1.923741e-13 
128 3.149664e-06 3.489984e-14 
256 7.282573e-06 1.333828e-12 
512 1.565824e-05 1.889826e-12 
1024 2.164429e-05 3.876740e-12 
2048 4.287679e-05 5.917794e-12 
4096 8.851466e-05 1.509253e-11 
8192 1.870863e-04 7.104445e-11 
16384 3.989963e-04 2.983828e-10 
32768 8.318126e-04 9.213326e-10 
65536 1.756307e-03 4.174815e-09 
131072 3.730640e-03 2.258210e-08 
262144 7.819654e-03 8.906032e-08 
