2 1.549133e-07 5.059903e-16 
4 2.246244e-07 1.215288e-15 
8 5.031600e-07 3.250063e-15 
16 1.164369e-06 1.205625e-14 
32 3.123709e-06 4.986245e-13 
64 7.065971e-06 3.718350e-13 
128 1.619926e-05 1.626467e-12 
256 3.575424e-05 5.885757e-12 
512 7.902694e-05 1.675831e-11 
1024 1.734555e-04 7.328443e-11 
2048 3.796175e-04 3.337874e-10 
4096 8.233935e-04 1.538089e-09 
8192 1.767823e-03 7.097170e-09 
16384 3.789168e-03 3.245907e-08 
32768 8.022377e-03 1.453050e-07 
65536 1.712223e-02 6.635200e-07 
131072 3.610256e-02 2.932895e-06 
262144 7.611738e-02 1.300899e-05 
