2 2.790889e-08 3.067837e-17 
4 4.327333e-08 6.008307e-17 
8 9.065556e-08 2.628702e-16 
16 1.758733e-07 3.555817e-16 
32 5.418244e-07 2.648545e-15 
64 1.317907e-06 6.940125e-13 
128 2.941940e-06 5.859180e-13 
256 6.704962e-06 1.975994e-12 
512 1.483152e-05 1.968811e-12 
1024 1.541114e-05 6.665443e-13 
2048 2.661734e-05 1.780121e-12 
4096 5.016076e-05 7.214427e-12 
8192 9.996190e-05 2.287217e-11 
16384 2.050531e-04 9.536239e-11 
32768 4.263168e-04 4.102059e-10 
65536 8.891760e-04 1.789349e-09 
131072 1.889774e-03 8.040682e-09 
262144 3.948385e-03 1.094198e-07 
