2 2.444667e-08 1.475604e-17 
4 3.910222e-08 5.538511e-17 
8 8.947000e-08 2.942891e-16 
16 1.787300e-07 3.314949e-16 
32 5.752444e-07 3.217449e-15 
64 1.286476e-06 1.313415e-13 
128 3.045060e-06 5.174047e-13 
256 6.687417e-06 5.285523e-13 
512 1.498199e-05 2.366479e-12 
1024 3.312433e-05 7.365660e-12 
2048 7.221776e-05 1.060607e-11 
4096 1.566865e-04 3.547063e-11 
8192 3.385968e-04 1.425592e-10 
16384 7.269154e-04 6.390040e-10 
32768 1.551747e-03 2.895622e-09 
65536 3.304677e-03 1.293483e-08 
131072 7.001793e-03 5.767918e-08 
262144 1.480285e-02 2.558817e-07 
