2 1.791811e-07 1.634816e-16 
4 2.847411e-07 1.022370e-15 
8 6.042156e-07 3.490685e-15 
16 1.494092e-06 1.034064e-13 
32 3.818702e-06 3.797144e-13 
64 8.673558e-06 1.581330e-12 
128 1.940468e-05 1.980444e-12 
256 4.315995e-05 6.478274e-12 
512 9.501349e-05 1.594422e-11 
1024 6.624722e-05 6.764545e-12 
2048 1.191210e-04 1.836078e-11 
4096 2.310472e-04 6.915781e-11 
8192 4.661449e-04 2.567241e-10 
16384 9.660632e-04 1.098669e-09 
32768 2.064253e-03 1.130905e-08 
65536 4.329321e-03 1.990334e-07 
131072 9.024741e-03 5.387158e-07 
262144 1.917942e-02 3.569628e-06 
