2 1.827000e-08 2.175310e-17 5 
4 1.937800e-08 2.863512e-17 27 
8 2.395800e-08 3.508824e-17 157 
16 2.686000e-08 3.280040e-17 1224 
32 3.081800e-08 3.398488e-17 9348 
64 4.842200e-08 2.224251e-14 67598 
128 6.562600e-08 4.155812e-17 504670 
256 1.000060e-07 8.066196e-17 4339705 
512 1.711820e-07 1.060609e-16 33810697 
1024 3.496700e-07 2.413467e-13 270470716 
2048 5.995080e-07 7.569099e-16 -2145651942 
4096 1.229894e-06 5.498503e-15 -265545415 
8192 2.416902e-06 1.209379e-14 338013372 
16384 4.644976e-06 4.372716e-14 -45141754 
32768 9.719264e-06 2.057009e-13 2066438135 
65536 1.986127e-05 8.227474e-13 2059540920 
131072 3.954480e-05 3.163330e-12 -1532461876 
262144 7.784397e-05 1.223269e-11 -853596817 
