2 1.694400e-08 1.851686e-17 5 
4 1.801800e-08 3.323368e-17 21 
8 1.907200e-08 2.648682e-17 160 
16 2.450200e-08 2.985400e-17 1124 
32 3.301200e-08 2.181586e-17 9226 
64 7.187200e-08 1.589599e-13 68722 
128 8.568600e-08 5.222740e-17 491564 
256 1.470520e-07 1.190533e-16 4302375 
512 2.722800e-07 1.959176e-16 34299159 
1024 5.234540e-07 6.015039e-16 267378412 
2048 1.016594e-06 2.479657e-15 2147247694 
4096 2.034664e-06 8.526043e-15 -49561477 
8192 4.017326e-06 4.118856e-14 497504815 
16384 8.070524e-06 5.838185e-13 -1454915225 
