2 6.350000e-08 1.478300e-16 4 
4 7.982600e-08 9.228372e-17 23 
8 1.315760e-07 1.310082e-16 170 
16 2.197600e-07 1.785144e-16 1232 
32 3.866960e-07 5.128396e-16 8427 
64 7.414620e-07 2.152057e-13 64927 
128 1.432720e-06 1.696705e-13 536268 
256 2.788192e-06 3.560415e-14 4354879 
512 5.483708e-06 2.326534e-13 33961069 
1024 1.103852e-05 1.523650e-12 270415923 
2048 2.175520e-05 1.133521e-12 -2107032107 
4096 4.365761e-05 6.182602e-12 17960116 
8192 8.724037e-05 1.530241e-11 696045855 
16384 1.748351e-04 6.264486e-11 -1959600348 
32768 3.487283e-04 2.458431e-10 -980256340 
65536 6.946480e-04 9.722994e-10 526021009 
131072 1.388970e-03 3.871511e-09 -1056085782 
262144 2.786352e-03 1.557358e-08 223379271 
