2 3.698258e-06 3.495325e-09 5 
4 1.241096e-06 4.835148e-12 22 
8 1.270726e-06 6.494905e-12 75 
16 1.271686e-06 6.534475e-12 167 
32 1.279292e-06 8.787459e-12 895 
64 1.371454e-06 9.126674e-12 752 
128 1.336910e-06 8.229235e-12 11877 
256 1.565830e-06 8.531898e-12 80226 
512 1.718000e-06 7.302337e-12 419682 
1024 2.349882e-06 7.458749e-12 1817714 
2048 3.197922e-06 6.253017e-12 4142274 
4096 4.430520e-06 8.071757e-12 26965851 
8192 6.368842e-06 7.955902e-12 85399070 
16384 1.079056e-05 3.945123e-11 278785498 
32768 3.777765e-05 1.163959e-10 692921786 
65536 1.096924e-04 3.766022e-09 1120279835 
131072 1.903089e-04 4.495807e-09 -1915021308 
262144 3.784037e-04 2.034047e-08 -318499873 
