2 4.256118e-06 3.792244e-09 4 
4 1.526756e-06 5.223638e-12 27 
8 1.706904e-06 9.761764e-12 108 
16 1.555182e-06 4.539678e-12 472 
32 1.589448e-06 4.322390e-12 729 
64 1.647950e-06 6.185781e-12 3577 
128 1.921402e-06 5.646506e-12 18350 
256 2.074100e-06 3.853220e-12 96007 
512 2.609304e-06 6.324098e-12 135520 
1024 3.555640e-06 6.063507e-12 657362 
2048 5.161182e-06 7.176629e-12 5225438 
4096 9.255012e-06 8.258833e-12 36071026 
8192 1.596188e-05 1.146700e-11 81727020 
16384 6.237505e-05 1.698509e-11 244753230 
32768 1.087927e-04 3.465420e-09 1027864374 
65536 1.885586e-04 6.994754e-09 -109268416 
131072 3.465835e-04 1.150379e-08 -1147924258 
262144 6.941641e-04 4.318311e-08 -473715445 
